1 0.278320 0.610924 0.397383 0.484189
1 0.701364 0.228550 0.198014 0.275860
3 0.882399 0.179786 0.154816 0.304967
3 0.874294 0.853344 0.181384 0.238176
3 0.873954 0.779244 0.179480 0.085525
2 0.278926 0.610620 0.400149 0.485856
2 0.701535 0.228787 0.199729 0.279867
2 0.271961 0.216783 0.398066 0.137791
4 0.499771 0.498381 0.948437 0.953442
0 0.874555 0.855871 0.101881 0.024882
0 0.706875 0.645522 0.067993 0.026501
5 0.268456 0.601145 0.333196 0.451966
5 0.703827 0.226109 0.133792 0.259995
5 0.706192 0.585635 0.053956 0.076111