1 0.208900 0.364723 0.251509 0.360495
3 0.531236 0.764133 0.230398 0.120667
3 0.506380 0.500118 0.939246 0.943945
3 0.488912 0.449833 0.148532 0.116501
3 0.222464 0.740169 0.280871 0.181900
2 0.208820 0.364891 0.252862 0.364768
2 0.561132 0.230964 0.363563 0.186596
0 0.512469 0.341231 0.119432 0.034771
0 0.697230 0.147096 0.114724 0.034242
0 0.140799 0.147772 0.095594 0.069338
0 0.225272 0.874578 0.283959 0.050576
5 0.208145 0.364725 0.250808 0.356405
5 0.873088 0.389293 0.127946 0.151603
5 0.867331 0.194782 0.128374 0.181515
5 0.265082 0.446932 0.044392 0.061019
5 0.150148 0.284229 0.043985 0.060438