1 0.827825 0.262616 0.150915 0.374853
1 0.326359 0.498832 0.468636 0.758885
0 0.873537 0.856842 0.102130 0.025606
0 0.365140 0.057509 0.053862 0.027385
0 0.624223 0.868937 0.078939 0.030104
2 0.326314 0.501168 0.471668 0.762523
2 0.827977 0.263303 0.154152 0.377159
4 0.502439 0.498491 0.938014 0.945847
4 0.326692 0.501310 0.469981 0.764180
3 0.868532 0.661129 0.169432 0.142933
3 0.873332 0.780482 0.178425 0.084850
3 0.872185 0.767006 0.181223 0.404992
5 0.827915 0.261245 0.148579 0.371925
5 0.414006 0.269674 0.034415 0.048871
5 0.487467 0.364689 0.035522 0.047770
5 0.496643 0.636534 0.035254 0.049431
5 0.156227 0.385425 0.035127 0.048704
5 0.237325 0.751745 0.034809 0.050134
5 0.318007 0.239780 0.035503 0.049042
5 0.222973 0.282025 0.035103 0.051274
5 0.517530 0.498890 0.033901 0.048598
5 0.429367 0.740242 0.033708 0.046827
5 0.163999 0.656954 0.035848 0.051849
5 0.134498 0.521939 0.035596 0.050883
5 0.333822 0.782301 0.035157 0.049851