1 0.299972 0.568488 0.391765 0.472050
1 0.814157 0.271350 0.225859 0.320380
2 0.310646 0.179437 0.433337 0.208901
2 0.300159 0.568034 0.394249 0.474855
2 0.814275 0.271573 0.226747 0.322164
0 0.872415 0.855778 0.102542 0.025204
0 0.598368 0.832671 0.079739 0.028162
4 0.497618 0.497012 0.950256 0.956562
3 0.604986 0.557757 0.147610 0.495394
3 0.855935 0.668003 0.150289 0.135770
3 0.869590 0.754624 0.182543 0.426694
5 0.297164 0.565225 0.334800 0.450916
5 0.817607 0.269838 0.210951 0.313842
5 0.301064 0.558814 0.142602 0.199460