1 0.306805 0.580145 0.451696 0.549252
1 0.814391 0.261856 0.204274 0.323149
2 0.306398 0.580006 0.455788 0.551203
2 0.311072 0.170021 0.491096 0.215726
2 0.814174 0.262386 0.206150 0.325170
4 0.499061 0.498704 0.944923 0.951501
0 0.873870 0.855989 0.102272 0.025007
0 0.550010 0.319465 0.063875 0.028484
0 0.632329 0.871272 0.077600 0.026888
0 0.511436 0.788999 0.061960 0.030165
3 0.858059 0.645003 0.156778 0.175411
3 0.873700 0.853035 0.180063 0.235590
3 0.870507 0.731011 0.183998 0.476558
5 0.303027 0.575468 0.385843 0.531878
5 0.818767 0.256078 0.187715 0.307841
5 0.300480 0.568805 0.178802 0.248494