3 0.567774 0.766710 0.184236 0.171544
3 0.560259 0.432105 0.148707 0.143885
3 0.504605 0.500458 0.940501 0.943347
4 0.506310 0.500792 0.941195 0.945786
1 0.278865 0.277916 0.267083 0.356274
1 0.279338 0.716446 0.248749 0.283688
1 0.553766 0.195867 0.123909 0.153376
2 0.277977 0.717048 0.255750 0.285800
2 0.278701 0.277909 0.269577 0.359451
0 0.836632 0.805186 0.141287 0.030579
0 0.096870 0.053696 0.065567 0.025353
0 0.300052 0.913692 0.131507 0.032330
5 0.201921 0.258594 0.034743 0.049903
5 0.334009 0.257185 0.129689 0.131291
5 0.331208 0.738169 0.128105 0.134384
5 0.553980 0.194629 0.122142 0.148563
5 0.278911 0.237462 0.263505 0.268306