1 0.651765 0.518140 0.236892 0.350922
1 0.194451 0.528487 0.242255 0.404893
2 0.651866 0.518066 0.237840 0.354601
2 0.194353 0.528356 0.243626 0.409341
4 0.499527 0.499491 0.943309 0.950049
0 0.870130 0.855735 0.102371 0.025426
0 0.412677 0.749015 0.077935 0.029147
0 0.658562 0.713151 0.078843 0.027446
3 0.871020 0.634103 0.170768 0.209686
3 0.427001 0.510780 0.193373 0.386481
3 0.872872 0.739782 0.179041 0.458571
5 0.651537 0.517858 0.237004 0.346246
5 0.194489 0.517398 0.242065 0.348490
5 0.843462 0.186254 0.156641 0.230535