1 0.288464 0.596571 0.353665 0.497302
1 0.634766 0.575565 0.236293 0.535408
1 0.871062 0.268385 0.167654 0.256602
4 0.501003 0.498857 0.943705 0.953335
2 0.633869 0.576869 0.244988 0.536812
2 0.288068 0.598222 0.358925 0.504713
2 0.293945 0.191264 0.381016 0.234625
0 0.503121 0.365014 0.085157 0.043785
0 0.742108 0.359144 0.076180 0.044996
0 0.727118 0.284348 0.130080 0.042986
0 0.875311 0.857284 0.102079 0.025473
3 0.869195 0.653767 0.163863 0.152386
3 0.500372 0.498071 0.942179 0.949981
5 0.288416 0.591311 0.348830 0.482788
5 0.286901 0.594694 0.163827 0.230842
5 0.873925 0.267573 0.159813 0.252463
5 0.847772 0.280408 0.056997 0.113659