1 0.229065 0.612924 0.275357 0.395492
1 0.659913 0.245359 0.217991 0.274029
1 0.759739 0.520830 0.273973 0.212124
3 0.881738 0.148483 0.154287 0.242144
3 0.872162 0.805313 0.181524 0.331190
2 0.759864 0.521389 0.275917 0.215679
2 0.229123 0.612910 0.277085 0.398564
2 0.660021 0.245807 0.219894 0.276555
4 0.498110 0.496971 0.948182 0.952296
0 0.241882 0.544412 0.080679 0.039706
0 0.719756 0.642119 0.079476 0.027709
0 0.874128 0.853934 0.103162 0.025307
0 0.492190 0.844705 0.080728 0.028306
5 0.227815 0.612714 0.275231 0.389261
5 0.758752 0.521845 0.272954 0.200345
5 0.659398 0.240662 0.211689 0.261245
5 0.227508 0.612542 0.157708 0.218776