1 0.729306 0.528176 0.285520 0.427419
1 0.209393 0.524314 0.295070 0.421113
4 0.501990 0.497098 0.941655 0.942245
2 0.729138 0.528652 0.287058 0.429871
2 0.209483 0.524600 0.296145 0.423800
3 0.885501 0.815904 0.158169 0.297568
3 0.477370 0.556308 0.187406 0.350223
3 0.501336 0.496790 0.941389 0.938235
0 0.756954 0.266442 0.058086 0.025192
5 0.729388 0.526211 0.289034 0.426325
5 0.208176 0.521334 0.293635 0.415623
5 0.891046 0.160489 0.131432 0.218540
5 0.728881 0.518120 0.172103 0.238363
5 0.509290 0.183777 0.027912 0.036291
5 0.207638 0.518434 0.179757 0.253371