1 0.284479 0.602603 0.405042 0.480469
1 0.822326 0.245971 0.202252 0.284160
2 0.284375 0.602600 0.408331 0.483596
2 0.291428 0.203967 0.440042 0.198519
2 0.822198 0.246471 0.203444 0.285958
3 0.871736 0.649700 0.163818 0.179937
3 0.885172 0.792995 0.184505 0.082477
3 0.601812 0.583673 0.136707 0.507361
4 0.499400 0.499822 0.970383 0.970887
0 0.884790 0.870590 0.106210 0.024722
0 0.590559 0.871487 0.080178 0.028110
0 0.676302 0.848081 0.065177 0.029342
0 0.831303 0.403698 0.056337 0.027730
5 0.282912 0.597643 0.339447 0.462886
5 0.823440 0.243281 0.194357 0.273832
5 0.280420 0.592116 0.164944 0.228147
5 0.804466 0.250573 0.068974 0.121464