1 0.206893 0.480457 0.276851 0.402787
1 0.711280 0.481176 0.264747 0.395622
4 0.499894 0.496704 0.944666 0.947583
2 0.206842 0.480584 0.277894 0.406418
2 0.711226 0.481497 0.265403 0.398320
3 0.878681 0.707962 0.140843 0.160023
3 0.469744 0.490303 0.196953 0.430817
3 0.884218 0.788666 0.158963 0.343838
3 0.500305 0.496357 0.943847 0.944507
0 0.717525 0.686709 0.057570 0.023630
5 0.710565 0.476810 0.265461 0.379583
5 0.204739 0.480963 0.270420 0.394824
5 0.440623 0.547576 0.030623 0.038452
5 0.873497 0.162095 0.133211 0.204411
5 0.712127 0.475699 0.184396 0.264871