1 0.301436 0.596578 0.402603 0.481397
1 0.691347 0.219255 0.216907 0.282834
1 0.301085 0.168778 0.413075 0.158126
2 0.301425 0.168753 0.416236 0.161625
2 0.301369 0.596583 0.403892 0.481894
2 0.691196 0.219721 0.218867 0.284738
3 0.881999 0.157644 0.153745 0.261835
3 0.873746 0.853361 0.181373 0.238677
0 0.874109 0.855324 0.102711 0.025064
0 0.601798 0.850707 0.079333 0.028305
0 0.707039 0.375224 0.055575 0.027192
4 0.499471 0.497943 0.946013 0.953625
5 0.298264 0.589435 0.345564 0.461687
5 0.689690 0.216479 0.174997 0.274139