3 0.329608 0.636220 0.321992 0.198522
3 0.826117 0.142798 0.276433 0.112370
3 0.831550 0.529422 0.249069 0.198632
4 0.506952 0.500292 0.939731 0.947663
0 0.500736 0.496756 0.144432 0.044190
0 0.837090 0.805389 0.141291 0.030708
0 0.099482 0.050337 0.064632 0.025155
1 0.610066 0.277190 0.164220 0.206814
1 0.326045 0.275314 0.324113 0.139486
2 0.329620 0.636063 0.324093 0.202020
2 0.326503 0.275097 0.326086 0.141795
5 0.190262 0.288858 0.035201 0.049400
5 0.383783 0.594362 0.030627 0.041925
5 0.461290 0.289518 0.035934 0.050505
5 0.275162 0.594516 0.030256 0.041540
5 0.383987 0.672442 0.030797 0.042365
5 0.275133 0.672004 0.030206 0.041736