1 0.583301 0.514887 0.268293 0.360384
3 0.501004 0.498503 0.938528 0.946170
3 0.186287 0.515767 0.252330 0.360749
3 0.869749 0.693778 0.178158 0.274587
2 0.583226 0.514580 0.270733 0.360683
2 0.185918 0.515430 0.256566 0.362119
0 0.166938 0.261066 0.100298 0.025741
0 0.694732 0.236453 0.084543 0.029092
0 0.383269 0.233024 0.081217 0.029364
5 0.587684 0.531778 0.113341 0.158940
5 0.192126 0.537112 0.070233 0.098467
5 0.278097 0.423612 0.033080 0.046393
5 0.105558 0.651035 0.033303 0.046435
5 0.278156 0.652240 0.033009 0.046085
5 0.501196 0.645932 0.027189 0.038212
5 0.673430 0.417540 0.026880 0.037759
5 0.106224 0.422003 0.032730 0.044851
5 0.673952 0.646390 0.027180 0.038558