1 0.219400 0.518259 0.302356 0.433397
1 0.534782 0.508482 0.243791 0.441782
2 0.534585 0.509314 0.247064 0.440755
2 0.219452 0.518816 0.305181 0.437091
3 0.499785 0.498790 0.940784 0.945508
3 0.872462 0.770223 0.180231 0.396897
3 0.868548 0.658331 0.170293 0.161159
0 0.511200 0.264391 0.078403 0.027881
0 0.697190 0.200874 0.069444 0.028562
0 0.871314 0.856523 0.103319 0.025611
5 0.218071 0.520585 0.301294 0.425610
5 0.871346 0.188952 0.165499 0.249603
5 0.216478 0.524073 0.144391 0.202935
5 0.846880 0.206376 0.062458 0.112892
5 0.216679 0.856535 0.039923 0.055129