1 0.687768 0.532838 0.286530 0.417049
1 0.200908 0.544134 0.287093 0.437537
1 0.609036 0.192420 0.142700 0.223673
2 0.687687 0.532649 0.287641 0.419582
2 0.201049 0.543614 0.288847 0.443755
4 0.500282 0.499861 0.965607 0.966676
3 0.441779 0.534634 0.171057 0.446093
3 0.884937 0.861454 0.187257 0.227486
3 0.885221 0.188685 0.171647 0.236392
3 0.202176 0.161186 0.287986 0.178297
0 0.426660 0.769340 0.082827 0.029746
0 0.683740 0.773286 0.080696 0.028039
0 0.884709 0.870594 0.106514 0.024930
0 0.625508 0.306027 0.056651 0.028496
5 0.687055 0.534549 0.286672 0.411423
5 0.200626 0.540111 0.287488 0.412672
5 0.608602 0.189808 0.139076 0.214185
5 0.239604 0.160268 0.029947 0.043198
5 0.103217 0.160071 0.023753 0.042434