1 0.330705 0.457533 0.504674 0.665391
1 0.324428 0.473895 0.277849 0.399840
2 0.330802 0.457562 0.505690 0.666243
2 0.624710 0.301124 0.139502 0.408702
2 0.324424 0.473725 0.280588 0.400709
3 0.833365 0.496373 0.249327 0.263900
3 0.504565 0.501219 0.945808 0.947886
3 0.837888 0.795787 0.260898 0.327787
0 0.837010 0.804730 0.141107 0.030302
0 0.799971 0.249990 0.177434 0.085547
0 0.627211 0.559200 0.107400 0.036286
0 0.098956 0.050671 0.065089 0.024924
5 0.329719 0.464153 0.504304 0.657229
5 0.323223 0.472150 0.276942 0.388451