1 0.269308 0.611085 0.415556 0.493960
1 0.691272 0.232077 0.208211 0.286540
1 0.265403 0.208009 0.419900 0.146092
2 0.269646 0.610623 0.416581 0.495632
2 0.265799 0.208249 0.422113 0.150303
2 0.691242 0.232607 0.210649 0.291241
3 0.896647 0.174070 0.158908 0.314271
3 0.884841 0.860990 0.187768 0.228843
3 0.884976 0.792583 0.185038 0.084253
4 0.498666 0.499130 0.968195 0.970143
0 0.884774 0.870554 0.106258 0.024499
0 0.712774 0.652123 0.069982 0.027049
0 0.762674 0.090035 0.073560 0.028100
0 0.555580 0.868436 0.080469 0.028891
5 0.263264 0.605092 0.340343 0.468283
5 0.690408 0.229313 0.138713 0.272130