3 0.881139 0.158331 0.154084 0.261758
3 0.872854 0.852756 0.181448 0.237939
3 0.872464 0.778802 0.179604 0.084247
1 0.285945 0.583837 0.394303 0.489225
1 0.666110 0.235770 0.211308 0.319568
4 0.497969 0.498032 0.947305 0.952494
2 0.286032 0.583917 0.397342 0.491725
2 0.287312 0.197610 0.414885 0.158874
2 0.665524 0.236225 0.214269 0.321910
0 0.873053 0.855711 0.101896 0.025132
0 0.560515 0.836362 0.077762 0.026803
0 0.724482 0.085131 0.071987 0.028491
5 0.285295 0.578580 0.329351 0.456169
5 0.665985 0.233011 0.186813 0.310389