1 0.267247 0.614393 0.338484 0.476013
1 0.843430 0.436022 0.195384 0.289605
1 0.613123 0.213283 0.332782 0.180338
2 0.267689 0.614606 0.341571 0.478354
2 0.613393 0.213159 0.334180 0.182753
2 0.562106 0.604290 0.150140 0.493429
4 0.499472 0.498493 0.943713 0.952085
0 0.616069 0.329713 0.077784 0.028501
0 0.874833 0.855756 0.102751 0.025715
3 0.872731 0.786360 0.180383 0.367424
3 0.881566 0.099023 0.153091 0.144738
5 0.265164 0.614946 0.334833 0.471811
5 0.845055 0.433459 0.183085 0.282254
5 0.718565 0.704607 0.095355 0.134575
5 0.264005 0.612771 0.196697 0.274388
5 0.613050 0.241637 0.031998 0.042054
5 0.612678 0.169312 0.031715 0.042414