1 0.269641 0.614106 0.351298 0.477633
1 0.843283 0.419731 0.202877 0.307454
1 0.600902 0.202945 0.331350 0.181790
2 0.270007 0.614258 0.354738 0.480196
2 0.600996 0.202998 0.332181 0.183306
2 0.842301 0.420333 0.206759 0.309589
2 0.569103 0.605118 0.149032 0.488503
4 0.498649 0.498305 0.946315 0.952958
3 0.872548 0.789438 0.180535 0.364524
3 0.881366 0.099871 0.153817 0.144819
0 0.601472 0.320274 0.079061 0.029031
0 0.599489 0.132126 0.055400 0.024650
0 0.874031 0.856758 0.102579 0.025095
5 0.262048 0.614576 0.335717 0.472702
5 0.846451 0.417393 0.192756 0.300726
5 0.713308 0.735646 0.085038 0.121726
5 0.261133 0.612297 0.197693 0.274831
5 0.600371 0.245565 0.032201 0.041448
5 0.599941 0.172430 0.032244 0.042438