1 0.228377 0.612725 0.273978 0.391723
1 0.576926 0.218614 0.214608 0.281000
1 0.741598 0.520758 0.275332 0.217778
2 0.741640 0.520977 0.277127 0.220956
2 0.228420 0.612980 0.275463 0.394006
2 0.576895 0.219282 0.216824 0.283141
4 0.497330 0.497352 0.947509 0.952340
3 0.881059 0.148594 0.153861 0.241784
3 0.871933 0.804227 0.180132 0.331879
3 0.230850 0.196327 0.290428 0.203680
0 0.226945 0.542337 0.078621 0.043234
0 0.728567 0.650358 0.079214 0.028248
0 0.873506 0.853966 0.102922 0.025690
5 0.227396 0.612252 0.274625 0.388669
5 0.575741 0.210934 0.199958 0.261093
5 0.740089 0.521822 0.273430 0.202465