1 0.281191 0.600840 0.422057 0.504492
1 0.816584 0.258738 0.205095 0.296904
1 0.281103 0.590638 0.273016 0.389536
2 0.281808 0.600980 0.427603 0.507406
2 0.297272 0.196897 0.479347 0.230849
2 0.816324 0.259658 0.207196 0.299685
4 0.499803 0.500028 0.969166 0.969332
3 0.872404 0.655904 0.164889 0.178276
3 0.885089 0.792902 0.184356 0.082309
3 0.615361 0.585143 0.143343 0.551032
0 0.884738 0.870622 0.106349 0.024773
0 0.609665 0.885603 0.080841 0.028137
5 0.282049 0.597031 0.351480 0.490892
5 0.817423 0.254868 0.195746 0.285108
5 0.281016 0.589977 0.162246 0.224548
5 0.467723 0.184104 0.032366 0.046553