1 0.266581 0.409584 0.342876 0.554868
1 0.875760 0.212939 0.138032 0.233044
2 0.266499 0.410532 0.345423 0.556968
3 0.506610 0.499046 0.940066 0.945881
3 0.830435 0.518221 0.248657 0.232378
0 0.568803 0.206965 0.073526 0.026636
0 0.098928 0.051295 0.064787 0.025623
0 0.837933 0.805204 0.250574 0.034261
5 0.260336 0.451967 0.116901 0.162367
5 0.357617 0.268182 0.028300 0.040607
5 0.875879 0.212803 0.038833 0.071987
5 0.161774 0.636732 0.027732 0.038960
5 0.357472 0.637225 0.028666 0.040597
5 0.162594 0.267499 0.027582 0.039880