1 0.267171 0.611322 0.349365 0.495677
1 0.843603 0.441465 0.200002 0.292436
2 0.267389 0.611422 0.352302 0.497575
2 0.560673 0.606863 0.144691 0.503254
2 0.613422 0.214697 0.342269 0.178007
3 0.872256 0.791307 0.180449 0.359392
3 0.881209 0.099984 0.153158 0.144931
0 0.615907 0.330491 0.078195 0.028033
0 0.873977 0.856883 0.102496 0.025095
4 0.498508 0.498707 0.944218 0.951706
5 0.264533 0.613507 0.344668 0.487546
5 0.845367 0.440310 0.183392 0.288401
5 0.716937 0.702735 0.096484 0.134464
5 0.263746 0.612712 0.211976 0.296120
5 0.612864 0.242359 0.032084 0.041346
5 0.490390 0.207306 0.028305 0.041818
5 0.612441 0.169993 0.032134 0.042617