1 0.324646 0.537826 0.427531 0.596948
1 0.826121 0.430862 0.163857 0.303007
0 0.874175 0.856385 0.101931 0.024487
0 0.515281 0.296902 0.084694 0.037416
0 0.638193 0.849452 0.079121 0.027913
0 0.884900 0.616697 0.139995 0.049878
4 0.499338 0.499356 0.946500 0.956199
2 0.324963 0.537774 0.430092 0.597912
2 0.826445 0.430963 0.165947 0.305670
3 0.872301 0.798425 0.181895 0.344437
3 0.855326 0.124848 0.202470 0.128314
5 0.321174 0.539193 0.422844 0.597188
5 0.826543 0.431939 0.139084 0.297501
5 0.319198 0.537106 0.257068 0.356650