1 0.263901 0.615981 0.336010 0.475124
1 0.843361 0.417734 0.205640 0.303604
1 0.604317 0.203816 0.332452 0.183781
2 0.264191 0.616231 0.339107 0.477381
2 0.604482 0.203943 0.333511 0.185476
2 0.574119 0.606265 0.157107 0.488556
2 0.842450 0.418112 0.209029 0.305136
0 0.603669 0.338498 0.078130 0.029617
0 0.601835 0.131888 0.057642 0.024453
0 0.875585 0.856155 0.101996 0.025269
4 0.499571 0.498626 0.946249 0.952824
3 0.873683 0.786434 0.180966 0.363497
3 0.881993 0.099786 0.153534 0.144876
3 0.867825 0.682825 0.163101 0.103617
5 0.262640 0.616367 0.334342 0.471880
5 0.847434 0.416797 0.193203 0.299834
5 0.262130 0.614103 0.197466 0.274489
5 0.722601 0.732105 0.075281 0.107249
5 0.603694 0.245237 0.031189 0.040437