1 0.318210 0.492704 0.430590 0.737823
1 0.860203 0.246303 0.096068 0.305229
2 0.317780 0.492083 0.434531 0.741948
2 0.860412 0.246544 0.098510 0.306483
3 0.826787 0.537529 0.237775 0.192061
3 0.507425 0.501067 0.935413 0.942154
0 0.836958 0.805412 0.141781 0.030884
0 0.098998 0.052820 0.064169 0.026128
5 0.313798 0.814051 0.067142 0.088210
5 0.503090 0.497585 0.956995 0.956757
5 0.860541 0.244795 0.094070 0.301339
5 0.405394 0.781549 0.075551 0.107454
5 0.468193 0.431709 0.075887 0.107828
5 0.314102 0.532820 0.424258 0.648088
5 0.468765 0.691005 0.075046 0.107681
5 0.221727 0.782114 0.074942 0.108094