1 0.272296 0.636130 0.399481 0.481147
1 0.676836 0.227984 0.228683 0.319132
1 0.269861 0.206555 0.412279 0.165075
3 0.881163 0.158603 0.153686 0.261397
3 0.872694 0.853462 0.181418 0.236987
2 0.272242 0.636051 0.401139 0.482126
2 0.270214 0.206899 0.414579 0.167079
2 0.676671 0.228751 0.230034 0.321583
0 0.872550 0.855961 0.101709 0.024722
0 0.752687 0.089802 0.071872 0.027312
0 0.650356 0.842970 0.061047 0.028414
4 0.497372 0.497344 0.948225 0.950687
5 0.269851 0.624924 0.330254 0.453251
5 0.673542 0.226022 0.213300 0.313130