1 0.300162 0.597844 0.382949 0.464121
1 0.695419 0.213709 0.215653 0.267991
3 0.881518 0.159343 0.153486 0.261451
3 0.870870 0.853017 0.180819 0.241140
3 0.870747 0.785285 0.178555 0.095473
2 0.300345 0.597588 0.385731 0.465745
2 0.300724 0.169273 0.397299 0.152762
2 0.695648 0.214129 0.217561 0.270259
4 0.497565 0.496880 0.948738 0.954283
0 0.871148 0.857118 0.102078 0.024920
0 0.578431 0.850258 0.079013 0.028795
0 0.715506 0.370763 0.056216 0.027809
5 0.297616 0.586061 0.326381 0.435038
5 0.696453 0.212162 0.166600 0.257607
5 0.461812 0.158742 0.031740 0.043723