1 0.724319 0.532304 0.278693 0.417352
1 0.206394 0.522817 0.286205 0.405351
2 0.724149 0.532534 0.279836 0.419226
2 0.206295 0.523264 0.287846 0.409055
4 0.501813 0.498261 0.939976 0.943321
3 0.885173 0.817633 0.158340 0.299465
3 0.469578 0.524149 0.199975 0.427828
0 0.755440 0.267468 0.058497 0.025393
5 0.724128 0.530009 0.281216 0.414951
5 0.206550 0.522138 0.282736 0.399760
5 0.889733 0.161397 0.130367 0.212156
5 0.724006 0.521835 0.158169 0.219730
5 0.206298 0.520060 0.167182 0.232557
5 0.507705 0.185031 0.027221 0.036944