1 0.292402 0.600821 0.391690 0.465715
1 0.797092 0.269561 0.173806 0.276123
2 0.292427 0.600939 0.393185 0.467773
2 0.797059 0.269864 0.176754 0.278646
2 0.297585 0.203600 0.415736 0.209447
0 0.873217 0.856944 0.101615 0.025056
0 0.588640 0.857635 0.077740 0.028882
4 0.498296 0.498712 0.948980 0.954631
3 0.858210 0.643577 0.154292 0.172793
3 0.870924 0.748888 0.183043 0.441716
5 0.287178 0.595308 0.342716 0.450771
5 0.797562 0.267151 0.165051 0.267130
5 0.287153 0.588145 0.149695 0.207293
5 0.782246 0.266403 0.054349 0.113041