1 0.244837 0.588422 0.294020 0.429142
1 0.671001 0.207276 0.201889 0.286636
1 0.791083 0.484196 0.284853 0.230962
2 0.791174 0.484302 0.286508 0.234039
2 0.244737 0.588918 0.295696 0.433100
2 0.671118 0.207560 0.205914 0.287692
4 0.499714 0.497998 0.945845 0.952008
0 0.247466 0.504314 0.071699 0.038559
0 0.374508 0.385604 0.079733 0.036361
0 0.503468 0.805438 0.077172 0.025834
0 0.874885 0.854611 0.102463 0.025548
3 0.872922 0.791910 0.180351 0.352801
3 0.517912 0.579662 0.169294 0.438902
3 0.869565 0.122940 0.174486 0.131129
3 0.243780 0.186110 0.298917 0.197292
5 0.244533 0.590186 0.295774 0.422382
5 0.671567 0.200604 0.191274 0.272005
5 0.790552 0.483237 0.283384 0.213274