1 0.713302 0.541952 0.278141 0.416723
1 0.207206 0.537767 0.284003 0.410670
4 0.501422 0.498278 0.938981 0.943163
2 0.207111 0.538318 0.286260 0.414599
2 0.713073 0.542504 0.279472 0.418958
3 0.462924 0.535521 0.193049 0.420524
3 0.885465 0.809344 0.158383 0.312282
3 0.888305 0.731231 0.139125 0.115125
0 0.506235 0.284589 0.059105 0.025508
5 0.713249 0.539222 0.280501 0.413809
5 0.207724 0.534183 0.282083 0.401840
5 0.877667 0.177852 0.130239 0.213640
5 0.712758 0.531751 0.159011 0.219898
5 0.207653 0.533125 0.166794 0.233541