1 0.482485 0.651485 0.211582 0.329457
1 0.518265 0.253465 0.195040 0.279000
1 0.777996 0.244753 0.207447 0.279260
1 0.161368 0.255427 0.219303 0.305176
1 0.204402 0.659558 0.240582 0.346600
4 0.498548 0.498143 0.946716 0.948497
3 0.866898 0.578060 0.170906 0.311831
3 0.497373 0.498051 0.944758 0.945678
2 0.482645 0.651550 0.213820 0.330895
2 0.518348 0.253581 0.196479 0.281207
0 0.729100 0.091261 0.105567 0.032627
5 0.481600 0.651291 0.209068 0.325794
5 0.203178 0.659859 0.238982 0.343578
5 0.777333 0.244691 0.202910 0.275194
5 0.334960 0.241649 0.120399 0.178865
5 0.516714 0.252005 0.190606 0.274857
5 0.678936 0.772141 0.047888 0.133992
5 0.160535 0.254743 0.216358 0.302149