1 0.825318 0.261339 0.150009 0.372995
1 0.319882 0.483942 0.468209 0.754757
0 0.871261 0.856096 0.102938 0.025374
0 0.613719 0.867569 0.079263 0.029541
0 0.680230 0.709997 0.084841 0.028401
2 0.320019 0.486982 0.470109 0.760883
2 0.825417 0.261687 0.152781 0.374421
4 0.501492 0.497221 0.940092 0.947497
4 0.320180 0.489669 0.468675 0.768950
3 0.869209 0.718989 0.178023 0.254655
3 0.871122 0.778779 0.177714 0.082817
5 0.825526 0.260654 0.148273 0.371760
5 0.320296 0.483132 0.468353 0.731670
5 0.148863 0.618701 0.034446 0.048980
5 0.230312 0.251695 0.034090 0.050470
5 0.216928 0.722093 0.035278 0.050440
5 0.421210 0.263046 0.033947 0.050563
5 0.488319 0.366416 0.035122 0.050233
5 0.157389 0.347287 0.034995 0.051585
5 0.127722 0.481666 0.033816 0.050174
5 0.481339 0.638159 0.035245 0.050167
5 0.407991 0.733807 0.034702 0.047036
5 0.510618 0.503987 0.033189 0.048043
5 0.326085 0.221281 0.034302 0.051640
5 0.311800 0.764635 0.035108 0.047332