1 0.224119 0.537711 0.275226 0.385520
1 0.701980 0.535101 0.261593 0.381237
4 0.500209 0.497970 0.944935 0.948902
2 0.223721 0.538082 0.276785 0.388924
2 0.702026 0.535272 0.261953 0.384569
3 0.887474 0.708595 0.140055 0.160524
3 0.471030 0.542376 0.189982 0.431553
3 0.885782 0.782748 0.156013 0.352827
0 0.509217 0.262809 0.057921 0.024718
0 0.536509 0.742675 0.048839 0.024879
5 0.701099 0.533981 0.262817 0.376445
5 0.225508 0.535441 0.271027 0.381229
5 0.850631 0.183150 0.153303 0.226805
5 0.445353 0.602352 0.032088 0.040426
5 0.830677 0.196826 0.063232 0.113281