1 0.272257 0.586030 0.322234 0.455131
1 0.809602 0.355543 0.216714 0.306547
1 0.593219 0.574843 0.146420 0.438545
2 0.273337 0.587434 0.329954 0.463694
2 0.593357 0.574467 0.147986 0.440001
2 0.809470 0.356201 0.218861 0.310189
2 0.269179 0.204209 0.325884 0.198105
4 0.499053 0.498739 0.946452 0.955503
0 0.870672 0.855195 0.102714 0.025337
0 0.590658 0.830143 0.078598 0.028390
0 0.681732 0.785996 0.063359 0.028173
3 0.873424 0.854164 0.180930 0.237761
3 0.880661 0.114014 0.153969 0.172656
3 0.268848 0.204491 0.324420 0.196202
5 0.267533 0.581308 0.309632 0.430525
5 0.812552 0.350310 0.205258 0.291411
5 0.267753 0.583716 0.145132 0.203691
5 0.788025 0.370945 0.078976 0.129005