1 0.492238 0.673854 0.215619 0.286285
1 0.470618 0.247063 0.193108 0.276251
1 0.248261 0.654241 0.183410 0.326160
4 0.505881 0.501042 0.943354 0.946912
2 0.492875 0.674303 0.219438 0.291878
2 0.248319 0.654850 0.184945 0.328918
2 0.469266 0.250359 0.199070 0.287800
2 0.251953 0.221344 0.169598 0.280729
0 0.466391 0.395886 0.109113 0.034154
0 0.803078 0.181032 0.183305 0.093037
0 0.098298 0.051862 0.065604 0.025948
3 0.830375 0.525369 0.248474 0.209024
3 0.505933 0.500908 0.941854 0.943820
5 0.641152 0.519348 0.072000 0.065267
5 0.637431 0.202601 0.062314 0.056425
5 0.553661 0.687173 0.033973 0.040861
5 0.640790 0.514161 0.048335 0.043136
5 0.524454 0.257736 0.032426 0.043187