1 0.226670 0.580773 0.272770 0.400127
1 0.653152 0.225303 0.213300 0.273413
1 0.787157 0.486201 0.275287 0.219604
3 0.882736 0.149325 0.155193 0.241875
3 0.871010 0.800058 0.182766 0.340124
2 0.787412 0.486430 0.277461 0.223513
2 0.226830 0.580531 0.274050 0.402221
2 0.653142 0.225936 0.215189 0.275655
4 0.499276 0.496822 0.946851 0.952670
0 0.243027 0.523686 0.080630 0.036965
0 0.786892 0.607334 0.078007 0.028446
0 0.484875 0.814321 0.079614 0.027274
5 0.226053 0.578770 0.274268 0.390876
5 0.648954 0.217909 0.179997 0.252848
5 0.786470 0.485288 0.272822 0.201886
5 0.225621 0.579107 0.150096 0.207573