1 0.289035 0.593161 0.398298 0.460932
1 0.805486 0.258306 0.199190 0.273572
2 0.289627 0.593208 0.402193 0.463473
2 0.805396 0.258577 0.201574 0.276170
2 0.299302 0.202508 0.438308 0.213136
0 0.872292 0.855846 0.101957 0.024983
4 0.497804 0.497582 0.949307 0.954118
3 0.857889 0.646315 0.155858 0.169564
3 0.604551 0.582974 0.119376 0.502142
3 0.869658 0.760578 0.183233 0.416803
5 0.285871 0.591253 0.328846 0.449014
5 0.808988 0.256676 0.186135 0.264036
5 0.286629 0.583881 0.138053 0.191162
5 0.794548 0.258662 0.056241 0.101077