3 0.828665 0.873288 0.284432 0.186382
3 0.505138 0.497903 0.950310 0.953395
3 0.728927 0.353013 0.244966 0.391488
1 0.301440 0.405131 0.183691 0.270423
1 0.729323 0.353794 0.245215 0.399326
1 0.297924 0.379727 0.422474 0.447634
0 0.829552 0.867940 0.140893 0.029432
0 0.297423 0.617775 0.104996 0.028487
0 0.125967 0.043676 0.069059 0.025119
2 0.297830 0.379660 0.423563 0.447832
5 0.298855 0.398860 0.174578 0.243017
5 0.729650 0.345544 0.244144 0.375496
5 0.297423 0.377042 0.424564 0.440572
5 0.503820 0.498787 0.963283 0.965801