1 0.181946 0.378910 0.212775 0.322661
1 0.138293 0.791665 0.128261 0.211519
1 0.604438 0.367883 0.557332 0.384453
3 0.505067 0.504341 0.946138 0.948540
3 0.829525 0.864750 0.281536 0.205849
2 0.569548 0.812362 0.155272 0.214805
2 0.605073 0.371120 0.559578 0.394536
2 0.181805 0.378814 0.214268 0.327749
0 0.831818 0.871246 0.141877 0.029826
0 0.637776 0.622451 0.091577 0.027555
5 0.180949 0.382646 0.211073 0.301137
5 0.137543 0.780971 0.125028 0.178584
5 0.180881 0.383291 0.082180 0.111628
5 0.180423 0.382166 0.117149 0.157893