13 0.281499 0.199798 0.139966 0.148790
23 0.231328 0.326008 0.016819 0.024597
6 0.264966 0.326008 0.017389 0.024597
0 0.298318 0.326210 0.016819 0.024194
26 0.332241 0.326210 0.017389 0.024194
8 0.599629 0.166935 0.011688 0.046774
8 0.611317 0.166935 0.011688 0.046774
8 0.623290 0.166935 0.011688 0.046774
8 0.634977 0.166935 0.011688 0.046774
8 0.646665 0.166935 0.011688 0.046774
8 0.658352 0.166935 0.011688 0.046774
5 0.683580 0.167944 0.013683 0.036694
4 0.712372 0.167944 0.018244 0.027016
24 0.754704 0.166734 0.051596 0.055242
25 0.600342 0.272379 0.021095 0.047984
9 0.629989 0.270565 0.017674 0.074194
12 0.650656 0.272581 0.009977 0.047581
11 0.660775 0.272581 0.009692 0.047581
10 0.684151 0.272581 0.037058 0.047581
18 0.710234 0.272581 0.015108 0.047581
19 0.725200 0.272581 0.014823 0.047581
16 0.740308 0.272581 0.014823 0.047581
16 0.755274 0.272581 0.015108 0.047581
22 0.769669 0.272581 0.013683 0.047581
11 0.605046 0.378024 0.009977 0.047984
10 0.628563 0.378024 0.037058 0.047984
17 0.654647 0.378024 0.015108 0.047984
16 0.669755 0.378024 0.015108 0.047984
17 0.684863 0.378024 0.015108 0.047984
1 0.732611 0.376613 0.017674 0.061290
1 0.763540 0.376613 0.017959 0.061290
2 0.604048 0.472782 0.014253 0.063306
3 0.624145 0.472581 0.020810 0.062903
7 0.687286 0.474597 0.051881 0.039516
20 0.609749 0.574194 0.007412 0.058065
21 0.617161 0.574194 0.007412 0.058065
21 0.625000 0.574194 0.007127 0.058065
21 0.632554 0.574194 0.007412 0.058065
21 0.640251 0.574194 0.007412 0.058065
21 0.647662 0.574194 0.007412 0.058065
21 0.655359 0.574194 0.007412 0.058065
21 0.663056 0.574194 0.007412 0.058065
21 0.670468 0.574194 0.007412 0.058065
21 0.678164 0.574194 0.007412 0.058065
21 0.685576 0.574194 0.007412 0.058065
21 0.693273 0.574194 0.007412 0.058065
21 0.700827 0.574194 0.007697 0.058065
21 0.708381 0.574194 0.007412 0.058065
21 0.716078 0.574194 0.007412 0.058065
15 0.683723 0.741734 0.188997 0.026210
15 0.683295 0.664516 0.189282 0.025806
14 0.683153 0.821774 0.188426 0.028226
